FXPR11
PB232
   30   30
0.000000  0.002931  0.011690  0.026173  0.046212  0.071571  0.101953  0.137002  
0.176307  0.219406  0.265796  0.314931  0.366236  0.419109  0.472931  0.527069  
0.580891  0.633764  0.685069  0.734204  0.780594  0.823693  0.862998  0.898047  
0.928429  0.953788  0.973827  0.988310  0.997069  1.000000  
0.000000  0.006514  0.014367  0.022259  0.030466  0.038669  0.046374  0.053557  
0.060059  0.065751  0.070536  0.074279  0.076848  0.078118  0.077913  0.075886  
0.071813  0.065694  0.057627  0.047424  0.035775  0.025481  0.017463  0.011485  
0.007186  0.004168  0.002125  0.000855  0.000202  0.000000  
0.000000  0.002931  0.011690  0.026173  0.046212  0.071571  0.101953  0.137002  
0.176307  0.219406  0.265796  0.314931  0.366236  0.419109  0.472931  0.527069  
0.580891  0.633764  0.685069  0.734204  0.780594  0.823693  0.862998  0.898047  
0.928429  0.953788  0.973827  0.988310  0.997069  1.000000  
0.000000  -0.007306 -0.014391 -0.019436 -0.024792 -0.030233 -0.035084 -0.039773 
-0.044070 -0.047806 -0.050926 -0.053303 -0.054829 -0.055395 -0.054836 -0.052841 
-0.049285 -0.044233 -0.037613 -0.029653 -0.021264 -0.014156 -0.008862 -0.005194 
-0.002819 -0.001379 -0.000573 -0.000179 -0.000035 0.000000  
ALFA211 11 -400 -200    0  200  400  600  800 1000 1200 1400 1600
DIAG
RE  110       0 1500    0 3000    0 6000    0 9000
CDCL
ENDE
