FXPR11
PB231
   30   30
0.000000  0.002931  0.011690  0.026173  0.046212  0.071571  0.101953  0.137002  
0.176307  0.219406  0.265796  0.314931  0.366236  0.419109  0.472931  0.527069  
0.580891  0.633764  0.685069  0.734204  0.780594  0.823693  0.862998  0.898047  
0.928429  0.953788  0.973827  0.988310  0.997069  1.000000  
0.000000  0.010237  0.020809  0.030993  0.041543  0.052007  0.061874  0.071052  
0.079362  0.086651  0.092781  0.097588  0.100924  0.102645  0.102571  0.100447  
0.095884  0.088303  0.076916  0.062440  0.047109  0.033625  0.022960  0.014986  
0.009273  0.005297  0.002660  0.001072  0.000255  0.000000  
0.000000  0.002931  0.011690  0.026173  0.046212  0.071571  0.101953  0.137002  
0.176307  0.219406  0.265796  0.314931  0.366236  0.419109  0.472931  0.527069  
0.580891  0.633764  0.685069  0.734204  0.780594  0.823693  0.862998  0.898047  
0.928429  0.953788  0.973827  0.988310  0.997069  1.000000  
0.000000  -0.008943 -0.018080 -0.025566 -0.033263 -0.040873 -0.047965 -0.054707 
-0.060887 -0.066330 -0.070926 -0.074531 -0.077020 -0.078278 -0.078177 -0.076522 
-0.072878 -0.066545 -0.056711 -0.044260 -0.031556 -0.021080 -0.013365 -0.007990 
-0.004469 -0.002271 -0.000993 -0.000345 -0.000075 0.000000  
ALFA211 11 -400 -200    0  200  400  600  800 1000 1200 1400 1600
DIAG
RE  110       0 1500    0 3000    0 6000    0 9000
CDCL
ENDE

