TRA1  1157  350  000  850-1580 1050-3540 1250  460 1350  435 2150  425 2450  415
TRA1  1157 2750  400 2850  680 2950 1280 0000 1880 3250  210 3350  190 3550  170
TRA1  1157 3750  150 3850  145 4450  140 5050  180 5350  800 5550  400 6000  000
TRA2  1157  150 1050  200  580  930  150  950  200 1250  950  500  200          
SCAL      13000
PAN
PUXY
ALFA    13  000  100  200  300  400  500  600  800 1000 1200 1400 1600 1800
DIAG
RE  110    0000 5000 3000 5000 1000 5000
CDCL
SYM
PAN
MACH        450
ALFA     4  000  100  200  300
DIAG
RE  110    0000 5000 3000 5000 1000 5000
CDCL
ENDE
