FXPR11
W71L1002
   30   30
0.000000  0.002931  0.011690  0.026173  0.046212  0.071571  0.101953  0.137002  
0.176307  0.219406  0.265796  0.314931  0.366236  0.419109  0.472931  0.527069  
0.580891  0.633764  0.685069  0.734204  0.780594  0.823693  0.862998  0.898047  
0.928429  0.953788  0.973827  0.988310  0.997069  1.000000  
0.000000  0.008531  0.013808  0.019544  0.025121  0.030413  0.035333  0.039670  
0.043422  0.046427  0.048613  0.049816  0.049864  0.048548  0.045937  0.041936  
0.036772  0.030754  0.024613  0.018656  0.013341  0.009387  0.006893  0.005059  
0.003532  0.002306  0.001381  0.000666  0.000166  0.000000  
0.000000  0.002931  0.011690  0.026173  0.046212  0.071571  0.101953  0.137002  
0.176307  0.219406  0.265796  0.314931  0.366236  0.419109  0.472931  0.527069  
0.580891  0.633764  0.685069  0.734204  0.780594  0.823693  0.862998  0.898047  
0.928429  0.953788  0.973827  0.988310  0.997069  1.000000  
0.000000  -0.008531 -0.013808 -0.019544 -0.025121 -0.030413 -0.035333 -0.039670 
-0.043422 -0.046427 -0.048613 -0.049816 -0.049864 -0.048548 -0.045937 -0.041936 
-0.036772 -0.030754 -0.024613 -0.018656 -0.013341 -0.009387 -0.006893 -0.005059 
-0.003532 -0.002306 -0.001381 -0.000666 -0.000166 0.000000  
ALFA211 11 -100 -050    0  150  100  150  200  250  300  350  400
DIAG
RE  110       0 1500    0 3000    0 6000    0 9000
CDCL
ENDE

