FXPR11
W71L1502
   30   30
0.000000  0.002931  0.011690  0.026173  0.046212  0.071571  0.101953  0.137002  
0.176307  0.219406  0.265796  0.314931  0.366236  0.419109  0.472931  0.527069  
0.580891  0.633764  0.685069  0.734204  0.780594  0.823693  0.862998  0.898047  
0.928429  0.953788  0.973827  0.988310  0.997069  1.000000  
0.000000  0.012813  0.020739  0.029355  0.037731  0.045681  0.053070  0.059585  
0.065220  0.069733  0.073016  0.074823  0.074896  0.072919  0.068997  0.062988  
0.055231  0.046193  0.036968  0.028022  0.020038  0.014100  0.010353  0.007599  
0.005305  0.003464  0.002075  0.001001  0.000250  0.000000  
0.000000  0.002931  0.011690  0.026173  0.046212  0.071571  0.101953  0.137002  
0.176307  0.219406  0.265796  0.314931  0.366236  0.419109  0.472931  0.527069  
0.580891  0.633764  0.685069  0.734204  0.780594  0.823693  0.862998  0.898047  
0.928429  0.953788  0.973827  0.988310  0.997069  1.000000  
0.000000  -0.012813 -0.020739 -0.029355 -0.037731 -0.045681 -0.053070 -0.059585 
-0.065220 -0.069733 -0.073016 -0.074823 -0.074896 -0.072919 -0.068997 -0.062988 
-0.055231 -0.046193 -0.036968 -0.028022 -0.020038 -0.014100 -0.010353 -0.007599 
-0.005305 -0.003464 -0.002075 -0.001001 -0.000250 0.000000  
ALFA211 11 -100 -050    0  150  100  150  200  250  300  350  400
DIAG
RE  110       0 1500    0 3000    0 6000    0 9000
CDCL
ENDE

